% location


lats=[ 
    03 28 00
    05 04 00
    06 46 00
    07 43 00
    08 04 00
    09 04 00
    11 07 00
    12 04 00
    13 40 00
    16 14 00
    17 00 00
    17 42 00
    ];

latsall=lats(:,1)+lats(:,2)./60+lats(:,3)./3600;